17
JUMPS
0 1 3 7 
MATRIX
0 1 1 0 1 0 0 0 1 1 0 0 0 1 0 1 1 
1 0 1 1 0 1 0 0 0 1 1 0 0 0 1 0 1 
1 1 0 1 1 0 1 0 0 0 1 1 0 0 0 1 0 
0 1 1 0 1 1 0 1 0 0 0 1 1 0 0 0 1 
1 0 1 1 0 1 1 0 1 0 0 0 1 1 0 0 0 
0 1 0 1 1 0 1 1 0 1 0 0 0 1 1 0 0 
0 0 1 0 1 1 0 1 1 0 1 0 0 0 1 1 0 
0 0 0 1 0 1 1 0 1 1 0 1 0 0 0 1 1 
1 0 0 0 1 0 1 1 0 1 1 0 1 0 0 0 1 
1 1 0 0 0 1 0 1 1 0 1 1 0 1 0 0 0 
0 1 1 0 0 0 1 0 1 1 0 1 1 0 1 0 0 
0 0 1 1 0 0 0 1 0 1 1 0 1 1 0 1 0 
0 0 0 1 1 0 0 0 1 0 1 1 0 1 1 0 1 
1 0 0 0 1 1 0 0 0 1 0 1 1 0 1 1 0 
0 1 0 0 0 1 1 0 0 0 1 0 1 1 0 1 1 
1 0 1 0 0 0 1 1 0 0 0 1 0 1 1 0 1 
1 1 0 1 0 0 0 1 1 0 0 0 1 0 1 1 0 

